,SNP,Beta,P-value,position
0,rs11121703,-0.046834212537357145,0.6661021990184157,11293792
1,rs11121704,-0.046834212537357145,0.6661021990184157,11293959
2,rs2024627,-0.046834212537357145,0.6661021990184157,11298790
3,rs7544489,0.01235263360125748,0.9078090366157641,11299511
4,rs1135172,-0.046834212537357145,0.6661021990184157,11301714
5,rs11121706,-0.046834212537357145,0.6661021990184157,11302065
6,rs4845858,0.01235263360125748,0.9078090366157641,11304720
7,rs1205592,-0.05549108814279779,0.6090027896887908,11305663
8,rs11121710,-0.046834212537357145,0.6661021990184157,11313244
9,rs7525957,-0.05720877670100267,0.6010030663824629,11318236
10,rs1883965,-0.06595881595586842,0.5401969404677776,11322156
11,rs4845860,-0.06648733583057746,0.5367721870943127,11324193
12,rs17229130,0.38304393018383914,0.17917871271150085,11324519
13,rs6671083,-0.03598479421750719,0.7229289908078553,11325910
14,rs1074078,-0.03366756855485087,0.7401074910779701,11326788
15,rs6685758,-0.026343405935007575,0.9364128782229821,11340342
16,rs6685950,0.09136206026525504,0.7131071529242747,11340472
17,rs727974,0.17037945243619945,0.5010345339442377,11344259
18,rs11121715,0.17037945243619945,0.5010345339442377,11345339
19,rs11580061,0.06651279680898309,0.8098488111072109,11346336
20,rs17036631,0.17037945243619945,0.5010345339442377,11347492
21,rs11121717,0.09136206026525504,0.7131071529242747,11355449
22,rs12133272,0.09136206026525504,0.7131071529242747,11360193
23,rs2744815,-0.030687891002363812,0.773568683386384,11360957
24,rs2744816,0.13202568062943887,0.5883398543773767,11361427
25,rs11121720,0.09136206026525504,0.7131071529242747,11364920
26,rs3010223,-0.05862633124841429,0.6260344123521997,11372638
27,rs2982373,0.011979194256437559,0.916269067201156,11377114
28,rs2982376,0.01378576805279642,0.8921123009946544,11390336
29,rs2982380,-0.029775056809486587,0.7689510606067088,11395283
30,rs2993664,-0.029775056809486587,0.7689510606067088,11395771
31,rs909836,-0.008603981822084541,0.9350823123274792,11398365
32,rs3120819,0.004294615389506829,0.9678808839850465,11400409
33,rs2982384,0.022277859710194175,0.8307627449171862,11401745
34,rs3124632,0.021256439012088926,0.8379251919985296,11402749
35,rs3010228,0.019221660441460356,0.8544159834814846,11404632
36,rs2744844,0.0023437511186998636,0.9823453474671731,11409176
37,rs10864498,0.005143405707706342,0.9616914263194023,11409469
38,rs2744847,0.00626025484530542,0.9520849000459115,11411071
39,rs11121722,0.01317133776835433,0.9013632683426078,11414172
40,rs10864499,0.019532972905025644,0.852980018160415,11415659
41,rs733761,0.05608195478515914,0.5924549840932603,11416252
42,rs2744854,0.019532972905025644,0.852980018160415,11419868
43,rs2744857,0.035824434791403466,0.7317208955919269,11421815
44,rs2788569,-0.008659641042316321,0.9348368606510358,11427302
45,rs2982364,-0.0035338325647693747,0.9733836323145292,11432744
46,rs2335404,0.06866302799042621,0.5259070324823547,11435942
47,rs2335405,0.06866302799042621,0.5259070324823547,11436157
48,rs2744812,0.05922995963212313,0.5821773559561263,11438026
49,rs2788557,0.02404538549371741,0.8241881938790915,11439588
50,rs2982371,0.025571006065285645,0.8136255037206369,11444184
51,rs3010208,0.030928721161424193,0.7760043567594945,11444975
52,rs6660541,0.08659329388705582,0.4188183242771055,11447805
53,rs4335380,-0.12519043937023536,0.6210932570558344,11452564
54,rs6702848,0.033376163777761425,0.7573104916916074,11453577
55,rs12058244,-0.12519043937023536,0.6210932570558344,11456027
56,rs6671983,0.060210694845846714,0.5724202711010778,11461601
57,rs11121727,0.28814697876974,0.44444026354353494,11465290
58,rs4846002,0.02052352877433562,0.8484193475525494,11467354
59,rs11121728,0.041812652896658906,0.6977540112660829,11468442
60,rs17419268,0.11834934371541328,0.5519962401562422,11473323
61,rs10864504,0.12921391128462506,0.22645747763345161,11476203
62,rs2890085,0.12921391128462506,0.22645747763345161,11476541
63,rs2379143,0.15929799114077883,0.1381569653599723,11477192
64,rs10864505,0.15929799114077883,0.1381569653599723,11477294
65,rs11121731,0.18154303509292985,0.5045183332731871,11477341
66,rs3124621,-0.15330288799994565,0.15525546198984266,11480820
67,rs6661145,0.15264089090850833,0.15522358978917847,11485666
68,rs2077480,0.07742556810709375,0.47216747837916606,11488203
69,rs3123602,0.14018283866928652,0.19775755187182376,11489175
70,rs877307,0.07867302483642101,0.46623954060617534,11489255
71,rs877309,0.14224618621997626,0.19312750155230823,11489678
72,rs10864508,-0.06005977352620467,0.554836394799602,11490744
73,rs11121733,-0.10684858126563544,0.31295104406340074,11493814
74,rs2922240,-0.10684858126563544,0.31295104406340074,11493832
75,rs11121734,0.07930723858885748,0.45304357602270606,11493868
76,rs2379151,0.07930723858885748,0.45304357602270606,11494573
77,rs2379152,0.07930723858885748,0.45304357602270606,11494851
78,rs3010217,0.07506718769772243,0.72711822372614,11496715
79,rs3099624,-0.10838122944631452,0.3082113394465455,11496994
80,rs11806225,0.09808324148524133,0.626128228944882,11499286
81,rs3099628,0.09808324148524133,0.626128228944882,11499416
82,rs11585441,-0.40231661533465723,0.12974914688436137,11501431
83,rs3123607,0.07277293269501034,0.48788057480341285,11502829
84,rs12146008,0.5679811548963485,0.402430880384147,11502851
85,rs2379159,0.07301566375838048,0.4786788907272913,11504514
86,rs3099630,0.07301566375838048,0.4786788907272913,11505486
87,rs3124627,0.08450254436704989,0.4139914248212473,11508016
88,rs12407951,0.3200200049753276,0.1774989163456913,11508362
89,rs11577773,0.12848502430089126,0.21381716570343454,11516521
90,rs12026602,0.12848502430089126,0.21381716570343454,11518397
91,rs11121742,0.1962344677687968,0.20058145700422483,11520653
92,rs12125968,-0.15762447226965445,0.6758347541794818,11522061
93,rs11121745,0.2354472258081975,0.13996759878270967,11522312
94,rs12046038,0.032165566989518356,0.7893378081733337,11525533
95,rs4846008,0.11207296374361961,0.2815714045754733,11526896
96,rs7543377,-0.10410995316245124,0.36860348905777296,11527304
97,rs4846010,-0.1355554067058129,0.2785646320236753,11531059
98,rs7546801,0.10906402750731285,0.28888544210485567,11531076
99,rs17036930,0.07092352743478765,0.587049602755888,11531918
100,rs6674692,0.14049047585771496,0.1911216868090967,11533011
101,rs10159458,0.14049047585771496,0.1911216868090967,11534053
102,rs11121748,0.10589931263629511,0.4126147735392318,11534542
103,rs2007215,0.18912036313212358,0.0868865735172192,11537977
104,rs7555562,0.23404379897156427,0.14406614870746415,11542957
105,rs2379135,0.18912036313212358,0.0868865735172192,11547064
106,rs12565837,0.2240992557511205,0.03926800703869263,11551816
107,rs12129875,-0.051468981009869304,0.8025285655995396,11554595
108,rs11582732,0.2240992557511205,0.03926800703869263,11556418
109,rs4846012,0.2240992557511205,0.03926800703869263,11557926
110,rs12130483,-0.051468981009869304,0.8025285655995396,11557970
111,rs12144924,-0.051468981009869304,0.8025285655995396,11561937
112,rs2235665,0.34164646660302717,0.032556641246237465,11562490
113,rs2817614,0.34164646660302717,0.032556641246237465,11564507
114,rs2817637,0.2240992557511205,0.03926800703869263,11567190
115,rs17036947,0.16346372601537243,0.29246452873349643,11575260
116,rs12135502,-0.051468981009869304,0.8025285655995396,11575398
117,rs2072996,0.1330786614058757,0.4391914665066433,11578973
118,rs2076469,0.07448102408661735,0.59651518296719,11584164
119,rs2745260,0.1330786614058757,0.4391914665066433,11586677
120,rs2817632,0.20967798617815253,0.17822843985813117,11588231
121,rs2076468,0.3782235648312249,0.02409697123482271,11589911
122,rs2235660,0.29019176345339176,0.06744007287224629,11595331
123,rs2745292,0.23118824664979495,0.09243090439766327,11601054
124,rs2817621,0.23118824664979495,0.09243090439766327,11601119
125,rs6683331,-0.06576634020810422,0.7541487307274386,11605183
126,rs2817613,-0.08021601169881415,0.705799958684011,11607224
127,rs2745291,0.066102345473284,0.6096770136100489,11607932
128,rs2594289,0.01032147916261709,0.9380480266920008,11614268
129,rs2817594,-0.08481069472817095,0.8723579274094077,11618592
130,rs11808316,0.131996673165535,0.3270213713423836,11619154
131,rs2817581,-0.026713462132381002,0.8843677133847664,11622979
132,rs2745285,0.11348205179600201,0.30487925281257483,11626858
133,rs3912023,0.24773597535667505,0.14277045017190043,11630122
134,rs2745282,0.1682750010930648,0.17487472860557923,11630230
135,rs10864520,0.26673487725600753,0.10189123786077105,11633982
136,rs2745276,0.2997928384695452,0.11734245158872497,11641283
137,rs2745275,0.38620741107678425,0.06929806074620204,11645598
138,rs2817644,0.2592096660381188,0.18014429613638835,11647669
139,rs11589841,-0.03130445831272737,0.7874130639347726,11648200
140,rs714829,-0.02448586252245481,0.8764282486718566,11651910
141,rs2335767,0.08326469327987587,0.47562911192933666,11652205
142,rs7530509,0.1968497736329501,0.21684504932831733,11654491
143,rs761087,0.09507150000608909,0.4178278314115551,11656684
144,rs761084,-0.16836519401955444,0.16524235400832996,11660710
145,rs11121778,-0.1720183507304492,0.20390892693100704,11665198
146,rs4846019,-0.2066518069758673,0.11066709298817054,11665575
147,rs4542213,-0.16631725472387632,0.18596154027407003,11670959
148,rs909945,-0.16631725472387632,0.18596154027407003,11671342
149,rs761092,-0.14450623210407904,0.2686250885854528,11678195
150,rs7550768,-0.20393308254496254,0.16754709313531937,11680283
151,rs6701965,-0.14450623210407904,0.2686250885854528,11681568
152,rs17037122,-0.10845365233304481,0.5271865405590421,11689663
153,rs10779763,-0.17353632510660286,0.16584296753320876,11690766
154,rs2335768,-0.1613791055974959,0.17480465487513297,11691161
155,rs17037129,-0.24388564453884487,0.2753026238604046,11694773
156,rs10864530,-0.1613791055974959,0.17480465487513297,11696836
157,rs4846022,-0.1613791055974959,0.17480465487513297,11697182
158,rs6671295,-0.13226252995791593,0.2709409859797052,11698902
159,rs7526268,-0.17423337499817862,0.11971998723733374,11702155
160,rs6540987,-0.1760948236528088,0.2386823264480331,11703843
161,rs12037955,-0.050748967722230975,0.7808164970568652,11706791
162,rs1055547,-0.17731974471950254,0.14373146096408235,11708736
163,rs9614,0.03260218353557281,0.8103935442745341,11710561
164,rs12045158,0.09023052565400365,0.7440918962967163,11711485
165,rs3117061,0.22128713154626498,0.02679991242792895,11711589
166,rs3117062,0.002272645136943922,0.9912908870472527,11712048
167,rs1883575,-0.18076124912745356,0.07344901475488405,11713166
168,rs909934,-0.32240445320876077,0.007178904774204056,11713563
169,rs12139487,0.011334745603166059,0.9304496007484193,11717300
170,rs3125816,0.1255660745512392,0.3091195980704791,11718195
171,rs2294642,-0.48719264203305507,0.014139927092431871,11721693
172,rs2294641,-0.06740507385262548,0.5056803782275232,11721854
173,rs3125815,0.11709745267411194,0.34841307602664806,11722688
174,rs3820340,-0.48719264203305507,0.014139927092431871,11723520
175,rs3125812,-0.08504508363940215,0.40846614064313846,11724938
176,rs3117066,-0.061673799587361654,0.551518492386921,11725908
177,rs3117067,-0.061673799587361654,0.551518492386921,11726326
178,rs7513972,-0.20181769179762843,0.3696078256515092,11728675
179,rs747862,0.04756677072069284,0.7107777054232969,11733075
180,rs28924117,0.40628303924413306,0.5493595014820242,11734084
181,rs878778,0.08757899351127912,0.7081203743004554,11735245
182,rs2233025,-0.1945594124997684,0.15775462478624933,11735652
183,rs3767300,-0.061734786351201755,0.5418802762544331,11736410
184,rs2336030,0.1144031913986314,0.2647612174120402,11736600
185,rs7417320,-0.016096100102909704,0.8772317175306807,11740358
186,rs2233004,-0.15300139582396954,0.25424324991519687,11742074
187,rs2336031,-0.17017095519411213,0.22161834215122805,11745459
188,rs2143296,-0.2855814856071666,0.033339745612851926,11746500
189,rs6694489,0.10703775489651096,0.5602281294866669,11749908
190,rs9430207,0.10703775489651096,0.5602281294866669,11750321
191,rs12088541,0.143975541500723,0.40564744296331734,11751135
192,rs6679089,0.07068804890627309,0.776051212938192,11752140
193,rs7539455,0.1512234509245163,0.20789950693387008,11754168
194,rs1555079,-0.08819149677195286,0.4498859146232995,11760782
195,rs1534991,-0.08819149677195286,0.4498859146232995,11761252
196,rs1534989,-0.08819149677195286,0.4498859146232995,11761503
197,rs1534987,-0.08819149677195286,0.4498859146232995,11761824
198,rs4846026,0.07366462924897701,0.493526516006241,11762575
199,rs9430624,0.07452743808212625,0.4861659461014963,11763677
200,rs12045323,0.09045013434699273,0.4267079078088759,11764281
201,rs11121804,0.23500913303050072,0.09844076318671334,11766424
202,rs6687381,-0.06923710372519107,0.5176624383560826,11768869
203,rs12731150,-0.07946219511630254,0.43293908496487243,11770653
204,rs2336034,-0.08506546096045299,0.5529846297306633,11772340
205,rs9430631,-0.014070350059840371,0.8921740611413128,11774956
206,rs4846028,0.0537222184626378,0.6179058689829584,11779499
207,rs6676319,0.0669128940128017,0.5284622463536548,11781973
208,rs7414943,0.06488442920438982,0.5399279252264206,11782814
209,rs4846029,0.06217014393237111,0.5538050228421296,11783484
210,rs7529001,0.11396200878922332,0.28305481457363524,11784118
211,rs17875979,-0.23018107477127522,0.15675979615076102,11794676
212,rs12095517,0.09949739891731896,0.32312175101287655,11797186
213,rs4073395,0.08781309955146696,0.4407336790150521,11800703
214,rs4073574,-0.029405041527315247,0.7930251175832307,11802434
215,rs6660106,-0.08788476043522044,0.5003410439798599,11806851
216,rs12752700,-0.041523691195463536,0.7089920808698431,11807426
217,rs17875961,0.0893385399565601,0.8656062146722243,11810354
218,rs8617,-0.08689996645233083,0.5058490452987148,11810505
219,rs1128059,0.09593291162868016,0.4009239347979733,11810674
220,rs1128065,0.09497471453271614,0.4095017021663714,11810691
221,rs11121821,0.09593291162868016,0.4009239347979733,11810844
222,rs4075033,0.058864012633452444,0.5956297632634661,11811234
223,rs6661776,-0.022779040629101327,0.8428674139107135,11812127
224,rs1133398,0.08198800913777785,0.4722866158655754,11814631
225,rs4845875,-0.29881078657274945,0.0071905998122892825,11824133
226,rs4845877,-0.35262062988967374,0.0018252484712459537,11824303
227,rs12564559,0.1319373036033743,0.4873088611435459,11825544
228,rs4845881,-0.14433635270648576,0.1748856611774789,11828319
229,rs6667720,-0.08763692187194473,0.43856112344821807,11831615
230,rs6540999,-0.41842814978648124,7.069906049806154e-05,11833366
231,rs11121828,-0.41842814978648124,7.069906049806154e-05,11834454
232,rs6696752,-0.10177479550051065,0.3671698667391381,11835935
233,rs12132479,-0.21964679410930574,0.0739311438459531,11836450
234,rs6699881,-0.10177479550051065,0.3671698667391381,11836628
235,rs7538516,-0.41842814978648124,7.069906049806154e-05,11836682
236,rs6541001,-0.8350816409899128,1.1376247441952056e-06,11837367
237,rs10779765,-0.10177479550051065,0.3671698667391381,11838011
238,rs10864540,-0.10177479550051065,0.3671698667391381,11838099
239,rs6697244,-0.41842814978648124,7.069906049806154e-05,11838848
240,rs4846044,-0.29084953439038025,0.4631195433571198,11839998
241,rs4845882,-0.40811686846016376,0.00011159590126632452,11843167
242,rs4846048,-0.07410908346155377,0.5128500732459585,11846252
243,rs2184226,0.38058373190919637,0.057881503736398554,11847436
244,rs1537516,-0.8705802047714613,3.050970648374505e-07,11847861
245,rs2274976,-0.8326063441304488,0.005430274552034303,11850927
246,rs13306556,-0.8705802047714613,3.050970648374505e-07,11852110
247,rs1476413,-0.5250666598117625,8.844978962596456e-07,11852300
248,rs1801131,-0.5431140029052105,2.4472501070346425e-07,11854476
249,rs1994798,-0.34785347480885065,0.0009954740398651712,11854755
250,rs6541003,-0.411605650227853,8.117960914100934e-05,11855867
251,rs1801133,0.26549654436525116,0.01420068330325479,11856378
252,rs17421462,0.3901372180631267,0.05182883493100197,11856847
253,rs1572151,0.3901372180631267,0.05182883493100197,11857711
254,rs17421511,-0.24791171805602438,0.04375686271159801,11857788
255,rs4846052,-0.39231045425109334,0.00016131357064508645,11857951
256,rs17421560,-0.8705802047714613,3.050970648374505e-07,11858324
257,rs13306553,-0.8705802047714613,3.050970648374505e-07,11860117
258,rs11121832,-0.08635873255011657,0.4419576620990697,11860120
259,rs17037390,-0.6867683991430197,3.63200702184126e-06,11860843
260,rs17037396,-0.8705802047714613,3.050970648374505e-07,11862047
261,rs17037397,-0.8326063441304488,0.005430274552034303,11862163
262,rs9651118,0.23548510033338585,0.06538836295050468,11862214
263,rs17367504,-0.6387855627640996,2.6499727554087182e-05,11862778
264,rs2066470,-0.8243004231268832,3.3163443453647533e-06,11863057
265,rs7553194,-0.8243004231268832,3.3163443453647533e-06,11864149
266,rs3753584,-0.6387855627640996,2.6499727554087182e-05,11864586
267,rs13306561,-0.6387855627640996,2.6499727554087182e-05,11865804
268,rs13306560,-0.13330349067998415,0.6494384473943597,11866183
269,rs3737964,-0.11642635653314241,0.29211551797976903,11867044
270,rs4846054,-0.4137790676304581,7.550307710836196e-05,11869230
271,rs17037425,-0.7510885601608766,3.916597402962726e-06,11870383
272,rs17037429,-0.6655597885436362,1.2728066116163284e-05,11873787
273,rs12404124,-0.4164806197722227,6.55200636376626e-05,11873869
274,rs198391,-0.4164806197722227,6.55200636376626e-05,11876417
275,rs17376328,-0.7106344146962337,0.0006464644454224865,11876662
276,rs2076001,-0.8243004231268832,3.3163443453647533e-06,11879267
277,rs198393,-0.400130548939599,0.00011335866909342867,11879685
278,rs2050265,-0.6655597885436362,1.2728066116163284e-05,11879699
279,rs12567136,-0.6655597885436362,1.2728066116163284e-05,11883731
280,rs2076003,-0.8326063441304488,0.005430274552034303,11884147
281,rs7537765,-0.6655597885436362,1.2728066116163284e-05,11887303
282,rs198401,-0.3930540195812791,0.00014221112508179494,11888384
283,rs535107,-0.41201556465531813,7.162843124662665e-05,11889468
284,rs2236797,-0.7695642244455805,1.8932075037756113e-06,11892650
285,rs2075538,-0.8243004231268832,3.3163443453647533e-06,11896602
286,rs198405,0.125855841766105,0.4743167904322436,11897271
287,rs198406,-0.43325651236789503,2.4987435965429074e-05,11897592
288,rs2075539,-0.8326063441304488,0.005430274552034303,11897758
289,rs2272803,-0.8326063441304488,0.005430274552034303,11898789
290,rs1023252,-0.5324315075475488,7.904135615626745e-07,11899033
291,rs198411,0.125855841766105,0.4743167904322436,11900385
292,rs198412,0.26326108758750083,0.19035822622239632,11900437
293,rs198413,0.125855841766105,0.4743167904322436,11900802
294,rs198414,0.125855841766105,0.4743167904322436,11900825
295,rs17350396,-0.23563647821313718,0.054580474612806545,11900838
296,rs198415,0.125855841766105,0.4743167904322436,11901592
297,rs198358,-0.3967831054251896,0.002200646268895862,11904076
298,rs5068,-0.7255896730904826,0.00023212982901428105,11905974
299,rs5067,0.11389312772411214,0.5016582349720153,11905981
300,rs5065,0.11389312772411214,0.5016582349720153,11906068
301,rs5064,0.23337905938778908,0.23618569980654686,11907603
302,rs5063,-0.6941315381426296,0.017335217519130804,11907648
303,rs17376426,0.2326385687472629,0.3155541142569026,11908167
304,rs198372,0.007882204149629252,0.9614008709582158,11909514
305,rs198375,-0.2945827768887889,0.0054689011101421645,11913757
306,rs198388,-0.2658630910020131,0.011638604126773675,11917340
307,rs5229,-0.3740960761590209,0.5251995349322995,11918519
308,rs198389,-0.3455082338651995,0.0013137522021879663,11919271
309,rs6668659,-0.3508661146774315,0.0013597165130045644,11922298
310,rs12562819,0.09942700596829991,0.7027337254997019,11924027
311,rs6676300,-0.27452327504072244,0.010884215438627139,11925300
312,rs12562952,-0.30550078984581747,0.1102106931971543,11927056
313,rs1009591,-0.18557496119979114,0.10423126212161615,11928830
314,rs11803049,-0.0692568254078227,0.7726763793403583,11928895
315,rs4846064,-0.01397185935759738,0.8890657132189548,11934842
316,rs7545290,-0.6513519552687538,0.018751619415620355,11934928
317,rs9661078,-0.007404282853824883,0.9413375714687371,11936324
318,rs11804222,-0.08925018992740072,0.6106694978100954,11936514
319,rs7554327,0.04737071903672905,0.6423241076751374,11937404
320,rs4846066,-0.016893378426522016,0.8674369103851092,11938050
321,rs2008113,-0.01669148676284285,0.8674825528639172,11938866
322,rs12741980,-0.07406591392439549,0.7674956536382055,11939593
323,rs2336395,-0.12122175106847384,0.3936168404023408,11941484
324,rs11588551,0.026971770538324648,0.7887523550345603,11941936
325,rs4304595,-0.04699252872606425,0.6665820576917356,11946389
326,rs6667637,-0.05359490559351788,0.6109954000972893,11947957
327,rs2336377,0.10000897438102821,0.32552573362164694,11949970
328,rs1321073,-0.0329809580423734,0.7549841909590969,11951626
329,rs34175640,-0.0329809580423734,0.7549841909590969,11952212
330,rs17037520,-0.0329809580423734,0.7549841909590969,11952406
331,rs12724129,-0.003635335427835442,0.9721736257809382,11957639
332,rs1999594,-0.07433582108135052,0.4736836901688095,11959216
333,rs17346334,-0.3191284806525829,0.1387763073684746,11960394
334,rs926269,-0.05220251067520821,0.6181157974990837,11969748
335,rs11800086,-0.05220251067520821,0.6181157974990837,11971749
336,rs7554547,0.06301119356144062,0.5251918492216754,11973888
337,rs6691499,-0.07152080871014915,0.6739219514207497,11979231
338,rs2038028,0.13378836982241749,0.20212328014379702,11979556
339,rs3209284,0.13378836982241749,0.20212328014379702,11979909
340,rs17037529,-0.034215300064355414,0.812567503316858,11980449
341,rs6662151,-0.07152080871014915,0.6739219514207497,11980912
342,rs9659237,-0.07152080871014915,0.6739219514207497,11981270
343,rs2639453,0.35642560901740633,0.00483667597431197,11982544
344,rs6682554,0.12781349698265032,0.2182555194266095,11986621
345,rs1208984,-0.2722601672275918,0.010214042237176538,11995176
346,rs7521172,0.05585571050896889,0.8029165338481472,11996270
347,rs6682230,-0.07685055469054415,0.6632987592299466,11999556
348,rs11802668,-0.25823679484003714,0.21964907119595886,12000670
349,rs6674770,-0.17248117384334252,0.2313375012907394,12000840
350,rs4846080,-0.10421741230281113,0.3086332179966086,12004999
351,rs6697996,-0.11929891924055215,0.5264783282187155,12006802
352,rs2336379,-0.12064739890021449,0.39992485400760036,12008863
353,rs2336381,-0.2684306392462863,0.20751926555380842,12009024
354,rs7529452,-0.05296522395637234,0.6133441596332374,12009955
355,rs2273285,-0.11929891924055215,0.5264783282187155,12010469
356,rs11585018,-0.11929891924055215,0.5264783282187155,12012328
357,rs2273286,-0.2684306392462863,0.20751926555380842,12012409
358,rs11581068,-0.15559262017326592,0.4128412193168217,12013869
359,rs6665648,-0.2180836663343902,0.13850092517528728,12016772
360,rs2273289,-0.2180836663343902,0.13850092517528728,12018290
361,rs2180180,-0.03792688883195651,0.7183023152113549,12019369
362,rs2207751,-0.1662423136762246,0.24580657917190468,12020412
363,rs7529312,-0.10091147167553642,0.5826905677461378,12024923
364,rs2273291,-0.1341816027689363,0.19373135709658224,12025353
365,rs11121846,-0.1509964178521394,0.1436526158918203,12030447
366,rs1540923,-0.1509964178521394,0.1436526158918203,12032030
367,rs1040669,-0.14804902517192056,0.15494697767463078,12033908
368,rs879690,1.8027973162595823,0.1228559510483179,12034805
369,rs11587948,-0.09651006600273128,0.6023623260607363,12036021
370,rs3753579,-0.12783921589199004,0.22352735319438263,12038591
371,rs3820189,-0.1706676082213937,0.10364082483227367,12038990
372,rs2180183,-0.157436836408924,0.13164104352858017,12040479
373,rs2236055,-0.1268843034518022,0.2169928554534275,12042261
374,rs4240897,-0.10267749555054803,0.32122473362490966,12042755
375,rs1474868,-0.1268843034518022,0.2169928554534275,12044164
376,rs2336384,0.30208025943434247,0.005542233020271913,12046063
377,rs873458,0.18483714906463922,0.07117237566433264,12046089
378,rs7551874,0.30208025943434247,0.005542233020271913,12048130
379,rs4846085,0.30208025943434247,0.005542233020271913,12050634
380,rs6675934,0.276918510712784,0.051620189104284946,12052405
381,rs2103876,0.30208025943434247,0.005542233020271913,12053100
382,rs2878677,0.30208025943434247,0.005542233020271913,12053264
383,rs1810563,0.30208025943434247,0.005542233020271913,12054030
384,rs6672267,0.30208025943434247,0.005542233020271913,12054911
385,rs2295281,0.22746713337528127,0.026647008224445583,12059412
386,rs17037564,-0.11378486447517022,0.6002781446607373,12060869
387,rs2236057,0.33052868223459886,0.0019987716955289195,12062205
388,rs3766742,-0.11378486447517022,0.6002781446607373,12065170
389,rs1042837,-0.11378486447517022,0.6002781446607373,12065841
390,rs7550536,0.2982982349395309,0.0045877102650194075,12067044
391,rs730123,0.2952587972387178,0.005110519240551052,12070292
392,rs10864546,0.3181576483776382,0.002980614348121337,12070920
393,rs4845892,0.3341801698470275,0.0018153489414129021,12073785
394,rs11588712,-0.01718815593629731,0.9000848839999707,12082461
395,rs11588779,0.03786615200216414,0.7509882871826328,12082881
396,rs2295283,0.07075513763079784,0.5603211169545621,12082926
397,rs1208988,0.05134312978881483,0.6726492746705015,12087749
398,rs4514248,0.04591745671813998,0.6947816421709196,12090001
399,rs1208991,0.17052592158407842,0.20983459925367864,12094046
400,rs1208993,0.09669366283331554,0.4210555026833913,12095868
401,rs12042105,0.10522520386441814,0.39823450600011634,12105048
402,rs12759042,0.10522520386441814,0.39823450600011634,12105332
403,rs6541012,0.10986122030018908,0.3775059406701953,12112720
404,rs6662024,0.11104166808223241,0.3721726686279503,12113240
405,rs4427416,0.06307789069617882,0.5678385965426314,12115691
406,rs6665486,0.06307789069617882,0.5678385965426314,12117901
407,rs12029016,0.11211522070838413,0.36529060520112344,12128498
408,rs4491070,0.03361069962909334,0.7555649838259355,12130051
409,rs6690493,-0.0024435250793487665,0.9823738181396433,12135526
410,rs12138960,-0.14401250097562923,0.22184940489895186,12140588
411,rs1201113,0.05592415134823905,0.7322770211485736,12144434
412,rs12133231,-0.14102063641628698,0.23184162251579712,12147753
413,rs1201110,0.1583970621046557,0.1740663497876013,12153188
414,rs11121855,0.042130731809066214,0.7980171997907631,12156236
415,rs11576403,-0.14427866992416186,0.4688535211140904,12158567
416,rs4845894,-0.05667032378233556,0.6182065415906086,12164078
417,rs6541014,0.02216016466668321,0.8301095274816799,12164090
418,rs4845895,-0.05667032378233556,0.6182065415906086,12164137
419,rs11569852,-0.14427866992416186,0.4688535211140904,12164675
420,rs12092682,-0.0480168100155344,0.7016460530525637,12166855
421,rs11569864,-0.14427866992416186,0.4688535211140904,12168523
422,rs10746497,-0.07206068464721618,0.5701387011953074,12169400
423,rs11121868,-0.14427866992416186,0.4688535211140904,12170974
424,rs11590366,-0.14427866992416186,0.4688535211140904,12171012
425,rs501525,-0.1531126122884533,0.13328519368253475,12180805
426,rs2486316,-0.025049516940698464,0.8549037140019059,12183245
427,rs11569904,0.2458237205394203,0.833742417114897,12183372
428,rs17422381,0.21866502510032138,0.03837469859672553,12184423
429,rs664654,-0.0767433201859232,0.6685999302257188,12185036
430,rs488733,-0.1660861994264097,0.10746662196533485,12185335
431,rs11569909,-0.15002302277748705,0.7208017547602907,12185533
432,rs1148476,-0.2036333950388191,0.06664264473130374,12186797
433,rs6668157,-0.14296813340500406,0.40182646642542463,12187130
434,rs11569922,0.05490260833046872,0.8632727844665294,12187594
435,rs7515465,-0.17024585205383344,0.3089623465863052,12188345
436,rs1201122,-0.09391132944697049,0.38082288811064247,12188482
437,rs17456501,0.07225460806369126,0.7447248287122616,12188614
438,rs535068,-0.09291133173686622,0.38515549380129455,12189561
439,rs1201171,-0.02620606827652398,0.8073400850995701,12192270
440,rs1148472,-0.05838280138635698,0.5695482015255435,12194451
441,rs1148471,-0.0884782862379039,0.35912993979008045,12194612
442,rs3766735,-0.28670243269359275,0.1714306784268508,12194745
443,rs11569951,-0.04661522509694748,0.8169278210816466,12203195
444,rs641941,-0.09404723095676552,0.37529667721167215,12206652
445,rs631272,0.08711281579209754,0.41201936089212543,12206755
446,rs630542,0.06484153623012126,0.5407189130911868,12206866
447,rs967403,-0.019098536880511066,0.8556593461101158,12209208
448,rs648194,-0.18931632757303976,0.4864285134086045,12213165
449,rs1148460,-0.0011392479122790955,0.9912042822306288,12216488
450,rs1148459,-0.0014320883086696749,0.988860741379753,12217852
451,rs816060,0.09076026259340844,0.40869510200455894,12219910
452,rs590368,0.09127967659922935,0.38737706676785044,12223451
453,rs590314,0.08816865498872098,0.3994333193496268,12223482
454,rs522807,-0.1617518573527127,0.5431886273309146,12224239
455,rs496888,0.024529186511820098,0.8259133343898555,12232806
456,rs976881,-0.007759786035737634,0.9385607899726937,12233754
457,rs597519,0.08599404106576468,0.782131485284284,12234885
458,rs5745977,-0.039059764779092156,0.9215477751154884,12239530
459,rs3766730,-0.23956391628932175,0.09706237378776958,12240676
460,rs816050,0.05081103671861793,0.6911516740283682,12241991
461,rs6697733,-0.187570690786985,0.1260776966252226,12242458
462,rs474247,0.08996064908293366,0.5069908296034944,12246175
463,rs5746001,-0.26532418947596226,0.0549253917059899,12248503
464,rs1201157,0.07933104207820263,0.45982055693002155,12249031
465,rs548580,-0.23602737604241544,0.06327657800326997,12249770
466,rs5746014,0.030556430392022806,0.8616557824919965,12250888
467,rs5746016,0.0632163345692271,0.780639761971598,12250979
468,rs666078,-0.25120705471067994,0.0555607732622281,12251318
469,rs653667,-0.12006211353682208,0.27861479165038633,12251808
470,rs1061622,-0.2400423221955982,0.05876107844475125,12252955
471,rs5746026,-0.033776901833062735,0.9135086745355481,12253062
472,rs235249,-0.25854407548995884,0.041368014687321424,12258231
473,rs5746051,-0.28079914309768783,0.039432882032120045,12261972
474,rs5746053,-0.28086237170612005,0.035700946710830433,12262298
475,rs5746059,-0.18977449217544295,0.12162766406863089,12262792
476,rs235219,0.20987597110961004,0.21518882951240959,12264355
477,rs1061624,-0.1070300491038662,0.2787623353139492,12267265
478,rs1061628,0.029163000592056298,0.7696870162192326,12267999
479,rs1061631,-0.13456940392535707,0.264069875608804,12268499
480,rs1800621,-0.30526033153176796,0.3111977160209879,12268571
481,rs5746073,0.014631840288555383,0.9636703844309115,12268637
482,rs5746074,-0.30526033153176796,0.3111977160209879,12268721
483,rs235215,0.05967203976599377,0.5477308601815718,12269947
484,rs235214,0.21665078365678875,0.13978646945642906,12271503
485,rs7552664,0.10693505172438438,0.37408978298329465,12277967
486,rs7550488,-0.135646511545085,0.26428962965458974,12278932
487,rs235237,-0.240988318667274,0.6479539770554537,12279581
488,rs426536,0.24350388670047113,0.15375436324700115,12287617
489,rs11121891,-0.21325673902823963,0.12067871448753614,12295188
490,rs235256,0.24556244130927243,0.1611841933097764,12296232
491,rs374450,0.16868747404676993,0.20866741547164488,12305286
